05,17,17,17,17,17,17,17,17,17,17,17,17,17,17,17,17,17,17,17,17,17,17,17,17,17,17,17,17,17,17,07
12,24,24,24,24,24,24,24,24,24,24,24,24,24,24,24,24,24,24,24,24,24,24,24,24,24,24,24,24,24,24,10
12,24,24,24,24,24,24,24,24,24,24,24,24,24,24,24,24,24,24,24,24,24,24,24,24,24,24,24,24,24,24,10
12,24,24,24,24,24,24,24,24,24,24,24,24,24,24,24,24,24,24,24,24,24,24,24,24,24,24,24,24,24,24,10
12,24,24,24,24,24,24,24,24,24,24,24,24,24,24,24,24,24,24,24,24,24,24,24,24,24,24,24,24,24,24,10
12,24,24,24,24,24,24,24,24,24,24,24,24,24,24,24,24,24,24,24,24,24,24,24,24,24,24,24,24,24,24,10
12,24,24,24,24,24,24,24,24,24,24,24,24,24,24,24,24,24,24,24,24,24,24,24,24,24,24,24,24,24,24,10
12,24,24,24,24,24,24,24,24,24,24,24,24,24,24,24,24,24,24,24,24,24,24,24,24,24,24,24,24,24,24,10
12,24,24,24,24,24,24,24,24,24,24,24,24,24,24,24,24,24,24,24,24,24,24,24,24,24,24,24,24,24,24,10
12,24,24,24,24,24,24,24,24,24,24,24,24,24,24,24,24,24,24,24,24,24,24,24,24,24,24,24,24,24,24,10
12,24,24,24,24,24,24,24,24,24,24,24,24,24,24,24,24,24,24,24,24,24,24,24,24,24,24,24,24,24,24,10
12,24,24,24,24,24,24,24,24,24,24,24,24,24,24,24,24,24,24,24,24,24,24,24,24,24,24,24,24,24,24,10
12,24,24,24,24,24,24,24,24,24,24,24,24,24,24,24,24,24,24,24,24,24,24,24,24,24,24,24,24,24,24,10
12,24,24,24,24,24,24,24,24,24,24,24,24,24,24,24,24,24,24,24,24,24,24,24,24,24,24,24,24,24,24,10
12,24,24,24,24,24,24,24,24,24,24,24,24,08,24,24,24,24,24,24,24,24,24,24,24,24,24,24,24,24,24,10
12,24,24,24,24,24,24,24,24,24,24,24,24,08,24,24,24,24,24,24,24,24,24,24,24,24,24,24,24,24,24,10
12,24,24,24,24,24,24,24,24,24,24,24,24,08,24,24,24,24,24,24,24,24,24,24,24,24,24,24,24,24,24,10
12,24,24,24,24,24,24,24,24,24,24,24,24,08,24,24,24,24,24,24,24,24,24,24,24,24,24,24,24,24,24,10
12,24,24,24,24,24,24,24,24,24,24,24,24,08,24,24,24,24,24,24,24,24,24,24,24,24,24,24,24,24,24,10
12,24,24,24,24,24,24,24,24,24,24,24,24,08,24,24,24,24,24,24,24,24,24,24,24,24,24,24,24,24,24,10
12,24,24,24,24,24,24,24,24,24,24,24,24,08,24,24,24,24,24,24,24,24,24,24,24,24,24,24,24,24,24,10
12,24,24,24,24,24,24,24,24,24,24,24,24,41,24,24,24,24,24,24,24,24,24,24,24,24,24,24,24,24,24,10
12,24,24,24,24,24,24,24,24,24,24,24,24,24,24,24,24,24,24,24,24,24,24,24,24,24,24,24,24,24,24,10
12,24,24,24,24,24,24,24,24,24,24,24,24,24,24,24,24,24,24,24,24,24,24,24,24,24,24,24,24,24,24,10
12,24,24,24,24,24,24,24,24,24,24,24,24,24,24,24,24,24,24,24,24,24,24,24,24,24,24,24,24,24,24,10
12,24,24,24,24,24,24,24,24,24,24,24,24,24,24,24,24,24,24,24,24,24,24,24,24,24,24,24,24,24,24,10
12,24,24,24,24,24,24,24,24,24,24,24,24,24,24,24,24,24,24,24,24,24,24,24,24,24,24,24,24,24,24,10
12,24,24,24,24,24,24,24,24,24,24,24,24,24,24,24,24,24,24,24,24,24,24,24,24,24,24,24,24,24,24,10
12,24,24,24,24,24,24,24,24,24,24,24,24,24,24,24,24,24,24,24,24,24,24,24,24,24,24,24,24,24,24,10
12,24,24,24,24,24,24,24,24,24,24,24,24,24,24,24,24,24,24,24,24,24,24,24,24,24,24,24,24,24,24,10
12,24,24,24,24,24,24,24,24,24,24,24,24,24,24,24,24,24,24,24,24,24,24,24,24,24,24,24,24,24,24,10
18,06,06,06,06,06,06,06,06,06,06,06,06,06,06,06,06,06,06,06,06,06,06,06,06,06,06,06,06,06,06,16